camera matrix
926.806497 0.000000 638.166677
0.000000 926.664402 341.146826
0.000000 0.000000 1.000000

distortion
0.152399 -0.268962 -0.003341 -0.000627 0.000000

rectification
1.000000 0.000000 0.000000
0.000000 1.000000 0.000000
0.000000 0.000000 1.000000

projection
938.517883 0.000000 637.081870 0.000000
0.000000 946.434692 339.539666 0.000000
0.000000 0.000000 1.000000 0.000000




camera matrix
916.985509 0.000000 635.610925
0.000000 922.389103 337.568251
0.000000 0.000000 1.000000

distortion
0.136721 -0.218282 -0.003610 -0.004337 0.000000

rectification
1.000000 0.000000 0.000000
0.000000 1.000000 0.000000
0.000000 0.000000 1.000000

projection
931.346924 0.000000 629.240957 0.000000
0.000000 945.002502 335.366323 0.000000
0.000000 0.000000 1.000000 0.000000



camera matrix
966.051603 0.000000 643.687123
0.000000 999.961950 326.605415
0.000000 0.000000 1.000000

distortion
0.129228 -0.258451 0.001962 0.005667 0.000000

rectification
1.000000 0.000000 0.000000
0.000000 1.000000 0.000000
0.000000 0.000000 1.000000

projection
972.841797 0.000000 651.759023 0.000000
0.000000 1019.882141 327.619288 0.000000
0.000000 0.000000 1.000000 0.000000




camera matrix
921.840637 0.000000 662.586145
0.000000 928.142266 353.454475
0.000000 0.000000 1.000000

distortion
0.124179 -0.334282 0.002205 0.021366 0.000000

rectification
1.000000 0.000000 0.000000
0.000000 1.000000 0.000000
0.000000 0.000000 1.000000

projection
878.467041 0.000000 711.462695 0.000000
0.000000 950.304138 354.472587 0.000000
0.000000 0.000000 1.000000 0.000000



camera matrix
911.073411 0.000000 649.360385
0.000000 913.267826 352.890088
0.000000 0.000000 1.000000

distortion
0.118522 -0.250171 -0.000745 -0.001108 0.000000

rectification
1.000000 0.000000 0.000000
0.000000 1.000000 0.000000
0.000000 0.000000 1.000000

projection
908.488831 0.000000 649.024739 0.000000
0.000000 926.378601 352.448699 0.000000
0.000000 0.000000 1.000000 0.000000



factory calibration:
header: 
  seq: 17364
  stamp: 
    secs: 1673552565
    nsecs: 246443272
  frame_id: "camera_color_optical_frame"
height: 720
width: 1280
distortion_model: "plumb_bob"
D: [0.1615992933511734, -0.5091497302055359, -0.0018777191871777177, 0.0004640672996174544, 0.45967552065849304]
K: [904.5715942382812, 0.0, 635.9815063476562, 0.0, 905.2954711914062, 353.06036376953125, 0.0, 0.0, 1.0]
R: [1.0, 0.0, 0.0, 0.0, 1.0, 0.0, 0.0, 0.0, 1.0]
P: [904.5715942382812, 0.0, 635.9815063476562, 0.0, 0.0, 905.2954711914062, 353.06036376953125, 0.0, 0.0, 0.0, 1.0, 0.0]
binning_x: 0
binning_y: 0
roi: 
  x_offset: 0
  y_offset: 0
  height: 0
  width: 0
  do_rectify: False
---












